          n    1  2    3      4        5          6            7
        n^2    1  4    9      16       25         36           49
n^2-(n-2)^2    1  4    8      12       16         20           24
       ====================================================================
               1  1 1  1 1 1  1 1 1 1  1 1 1 1 1  1 1 1 1 1 1  1 1 1 1 1 1 1
                  1 1  1 0 1  1 0 0 1  1 0 0 0 1  1 0 0 0 0 1  1 0 0 0 0 0 1
                       1 1 1  1 0 0 1  1 0 0 0 1  1 0 0 0 0 1  1 0 0 0 0 0 1
                              1 1 1 1  1 0 0 0 1  1 0 0 0 0 1  1 0 0 0 0 0 1
                                       1 1 1 1 1  1 0 0 0 0 1  1 0 0 0 0 0 1
                                                  1 1 1 1 1 1  1 0 0 0 0 0 1
                                                               1 1 1 1 1 1 1
1 1 1 4*3 n*m
1 0 1 10  n*m - (n-1)*(m-1)
1 0 1
1 1 1

1 1 1 1 5*4
1 0 0 1 14
1 0 0 1
1 0 0 1
1 1 1 1

1 1 1 1 1 6*5
1 0 0 0 1 18
1 0 0 0 1
1 0 0 0 1
1 0 0 0 1
1 1 1 1 1